11242
11231
12450
12472
13351
12452
12472
12432
13342
12461
12451
11241
11240
11250
11242
11221
11252
12432
12452
11220
11252
11241
11252
12422
12472
12452
12451
11251
11240
12452
12420
11252
11230
12451
13350
11231
11230
11240
12420
12421
11231
11220
11220
11220
11220
11220
12451
11220
11220
12451
11220
11220
12451
11220
11220
12451
11220
12451
11220
11220
12451
11220
12451
11220
11220
12451
11220
12451
11220
11220
12451
11220
12451
11220
11220
12451
11220
12451
11220
11220
12451
11230
11242
12440
12462
